17.7
17.8
9.5
5.2
4.1
19.2
12.4
15.8
20.8
24.1
14.7
21.6
12.8
11.9
35.4
12.3
14.9
19.6
10.6
15.1
15.6
9.3
8.1
13.5
30.2
29.1
7.4
12.3
13.6
9.5
13.1
27.4
8.8
11.4
6.4
11.0
11.4
14.1
20.9
10.6
15.3
24.0
12.3
7.8
9.9
20.7
25.0
19.1
13.1
27.4
15.2
12.2
10.1
12.3
16.7
18.6
6.0
10.6
11.3
4.7
10.9
6.0
7.2
5.6
8.9
5.8
8.9
6.7
7.2
9.7
10.8
17.9
10.9
13.7
22.3
10.2
5.1
13.9
9.0
10.6
13.8
6.5
6.5
10.6
10.6
23.0
21.8
32.8
30.2
30.8
33.7
26.5
39.3
24.5
24.9
23.2
16.0
20.9
10.3
22.6
16.2
22.9
36.9
23.5
18.5
16.4
17.9
18.5
13.6
7.9
31.9
14.1
7.1
3.9
3.7
22.5
27.6
17.3
